100 0.000000
100 0.000000
200 0.010000
200 0.000000
300 0.000000
300 0.000000
500 0.000000
950 0.014000
950 0.011000
1050 0.010000
1050 0.016000
1150 0.020000
1150 0.016000
1250 0.020000
1250 0.014000
1350 0.020000
1350 0.014000
1450 0.024000
1450 0.021000
1500 0.020000
1500 0.020000
2000 0.034000
2000 0.030000
2500 0.056000
2500 0.051000
3000 0.070000
3000 0.078000
3500 0.100000
4000 0.130000
4000 0.140000
4500 0.163000
4500 0.170000
5000 0.200000
5000 0.204000
5500 0.243000
5500 0.250000
6000 0.280000
6000 0.306000
6500 0.340000
6500 0.330000
6500 0.346000
7000 0.450000
7000 0.503000
7500 0.470000
7500 0.448000
8000 0.550000
8000 0.579000
8500 0.690000
8500 0.699000
9000 0.690000
9000 0.680000
9500 0.723000
9500 0.766000
10000 0.856000
10000 1.051000
10500 0.880000
10500 0.883000
11000 0.981000
11000 0.980000
11500 1.074000
11500 1.040000
12000 1.143000
12000 1.154000
12500 1.289000
12500 1.883000
13000 2.069000
13000 1.481000
13500 1.819000
13500 2.575000
14000 1.917000
14000 4.445000
